10	20090516
5	20090517
28	20090518
58	20090519
65	20090520
33	20090521
18	20090522
21	20090523
118	20090524
41	20090525
55	20090526
38	20090527
84	20090528
61	20090529
47	20090530
58	20090531
25	20090601
28	20090602
29	20090603
37	20090604
18	20090605
20	20090606
25	20090607
30	20090608
46	20090609
23	20090610
19	20090611
39	20090612
38	20090613
25	20090614
39	20090615
41	20090616
36	20090617
66	20090618
71	20090619
38	20090620
63	20090621
85	20090622
74	20090623
79	20090624
67	20090625
86	20090626
165	20090627
97	20090628
109	20090629
55	20090630
64	20090701
67	20090702
86	20090703
33	20090704
23	20090705
78	20090706
90	20090707
59	20090708
85	20090709
83	20090710
70	20090711
103	20090712
75	20090713
102	20090714
57	20090715
102	20090716
173	20090717
199	20090718
127	20090719
155	20090720
101	20090721
75	20090722
181	20090723
90	20090724
76	20090725
110	20090726
143	20090727
80	20090728
108	20090729
105	20090730
85	20090731
174	20090801
132	20090802
95	20090803
122	20090804
141	20090805
87	20090806
127	20090807
83	20090808
84	20090809
98	20090810
113	20090811
188	20090812
153	20090813
142	20090814
176	20090815
138	20090816
188	20090817
254	20090818
172	20090819
211	20090820
148	20090821
187	20090822
136	20090823
94	20090824
102	20090825
78	20090826
99	20090827
106	20090828
69	20090829
79	20090830
125	20090831
111	20090901
132	20090902
170	20090903
115	20090904
95	20090905
71	20090906
108	20090907
147	20090908
140	20090909
96	20090910
106	20090911
91	20090912
155	20090913
79	20090914
97	20090915
118	20090916
112	20090917
105	20090918
109	20090919
109	20090920
86	20090921
98	20090922
148	20090923
83	20090924
136	20090925
148	20090926
122	20090927
121	20090928
121	20090929
87	20090930
71	20091001
138	20091002
131	20091003
75	20091004
122	20091005
96	20091006
172	20091007
123	20091008
162	20091009
151	20091010
171	20091011
135	20091012
144	20091013
151	20091014
108	20091015
157	20091016
99	20091017
129	20091018
120	20091019
152	20091020
145	20091021
101	20091022
153	20091023
105	20091024
137	20091025
218	20091026
211	20091027
236	20091028
275	20091029
225	20091030
158	20091031
101	20091101
183	20091102
153	20091103
141	20091104
150	20091105
125	20091106
103	20091107
152	20091108
79	20091109
131	20091110
159	20091111
117	20091112
143	20091113
83	20091114
108	20091115
159	20091116
109	20091117
197	20091118
290	20091119
241	20091120
186	20091121
178	20091122
118	20091123
132	20091124
122	20091125
196	20091126
152	20091127
139	20091128
101	20091129
147	20091130
126	20091201
259	20091202
133	20091203
118	20091204
69	20091205
163	20091206
167	20091207
168	20091208
225	20091209
174	20091210
220	20091211
116	20091212
124	20091213
106	20091214
212	20091215
163	20091216
175	20091217
143	20091218
143	20091219
80	20091220
101	20091221
90	20091222
121	20091223
113	20091224
101	20091225
64	20091226
113	20091227
59	20091228
65	20091229
28	20091230
36	20091231
33	20100101
31	20100102
88	20100103
94	20100104
82	20100105
112	20100106
157	20100107
190	20100108
200	20100109
266	20100110
278	20100111
268	20100112
336	20100113
244	20100114
385	20100115
401	20100116
313	20100117
144	20100118
151	20100119
224	20100120
276	20100121
207	20100122
164	20100123
193	20100124
291	20100125
293	20100126
144	20100127
223	20100128
226	20100129
161	20100130
206	20100131
298	20100201
211	20100202
216	20100203
300	20100204
248	20100205
151	20100206
52	20100207
184	20100208
282	20100209
127	20100210
220	20100211
283	20100212
187	20100213
147	20100214
159	20100215
235	20100216
263	20100217
273	20100218
244	20100219
156	20100220
231	20100221
254	20100222
309	20100223
296	20100224
282	20100225
365	20100226
303	20100227
221	20100228
269	20100301
235	20100302
223	20100303
238	20100304
320	20100305
351	20100306
251	20100307
321	20100308
224	20100309
308	20100310
317	20100311
350	20100312
271	20100313
223	20100314
368	20100315
333	20100316
169	20100317
220	20100318
238	20100319
191	20100320
285	20100321
230	20100322
437	20100323
366	20100324
398	20100325
461	20100326
397	20100327
443	20100328
530	20100329
420	20100330
445	20100331
231	20100401
292	20100402
255	20100403
173	20100404
339	20100405
342	20100406
269	20100407
407	20100408
296	20100409
295	20100410
358	20100411
302	20100412
374	20100413
389	20100414
311	20100415
314	20100416
411	20100417
273	20100418
331	20100419
417	20100420
346	20100421
260	20100422
362	20100423
174	20100424
250	20100425
266	20100426
322	20100427
313	20100428
331	20100429
257	20100430
388	20100501
371	20100502
211	20100503
334	20100504
312	20100505
201	20100506
284	20100507
408	20100508
233	20100509
312	20100510
300	20100511
306	20100512
416	20100513
474	20100514
228	20100515
163	20100516
371	20100517
243	20100518
225	20100519
251	20100520
392	20100521
296	20100522
205	20100523
284	20100524
169	20100525
334	20100526
223	20100527
201	20100528
171	20100529
157	20100530
157	20100531
236	20100601
220	20100602
199	20100603
206	20100604
255	20100605
233	20100606
234	20100607
183	20100608
252	20100609
298	20100610
234	20100611
232	20100612
148	20100613
213	20100614
153	20100615
219	20100616
155	20100617
212	20100618
137	20100619
207	20100620
210	20100621
236	20100622
126	20100623
230	20100624
120	20100625
148	20100626
101	20100627
194	20100628
276	20100629
177	20100630
254	20100701
94	20100702
113	20100703
85	20100704
161	20100705
117	20100706
125	20100707
204	20100708
220	20100709
149	20100710
208	20100711
210	20100712
195	20100713
189	20100714
206	20100715
210	20100716
142	20100717
125	20100718
233	20100719
200	20100720
160	20100721
171	20100722
249	20100723
232	20100724
188	20100725
257	20100726
249	20100727
140	20100728
197	20100729
183	20100730
155	20100731
148	20100801
168	20100802
213	20100803
248	20100804
338	20100805
279	20100806
203	20100807
171	20100808
281	20100809
281	20100810
317	20100811
274	20100812
248	20100813
159	20100814
226	20100815
301	20100816
340	20100817
350	20100818
265	20100819
241	20100820
311	20100821
323	20100822
394	20100823
291	20100824
293	20100825
383	20100826
372	20100827
214	20100828
219	20100829
345	20100830
317	20100831
328	20100901
279	20100902
356	20100903
321	20100904
313	20100905
308	20100906
269	20100907
321	20100908
298	20100909
240	20100910
232	20100911
242	20100912
334	20100913
348	20100914
281	20100915
257	20100916
340	20100917
308	20100918
235	20100919
223	20100920
174	20100921
201	20100922
222	20100923
273	20100924
359	20100925
287	20100926
285	20100927
314	20100928
292	20100929
344	20100930
393	20101001
261	20101002
254	20101003
371	20101004
315	20101005
347	20101006
348	20101007
278	20101008
262	20101009
317	20101010
428	20101011
312	20101012
279	20101013
332	20101014
585	20101015
328	20101016
463	20101017
279	20101018
330	20101019
394	20101020
308	20101021
339	20101022
183	20101023
257	20101024
328	20101025
327	20101026
361	20101027
423	20101028
344	20101029
294	20101030
294	20101031
353	20101101
397	20101102
317	20101103
428	20101104
360	20101105
263	20101106
364	20101107
379	20101108
372	20101109
318	20101110
226	20101111
271	20101112
346	20101113
331	20101114
309	20101115
318	20101116
301	20101117
215	20101118
299	20101119
299	20101120
242	20101121
253	20101122
285	20101123
306	20101124
314	20101125
224	20101126
336	20101127
269	20101128
404	20101129
302	20101130
279	20101201
274	20101202
315	20101203
355	20101204
496	20101205
392	20101206
432	20101207
371	20101208
462	20101209
402	20101210
403	20101211
290	20101212
312	20101213
415	20101214
308	20101215
364	20101216
269	20101217
219	20101218
216	20101219
261	20101220
343	20101221
342	20101222
284	20101223
208	20101224
142	20101225
163	20101226
140	20101227
174	20101228
190	20101229
125	20101230
149	20101231
130	20110101
168	20110102
171	20110103
199	20110104
291	20110105
289	20110106
332	20110107
292	20110108
334	20110109
363	20110110
419	20110111
328	20110112
333	20110113
324	20110114
190	20110115
150	20110116
245	20110117
385	20110118
397	20110119
337	20110120
402	20110121
384	20110122
334	20110123
307	20110124
326	20110125
329	20110126
319	20110127
260	20110128
329	20110129
226	20110130
271	20110131
405	20110201
326	20110202
293	20110203
353	20110204
240	20110205
259	20110206
488	20110207
479	20110208
496	20110209
539	20110210
571	20110211
327	20110212
293	20110213
472	20110214
609	20110215
530	20110216
596	20110217
644	20110218
412	20110219
327	20110220
442	20110221
475	20110222
551	20110223
574	20110224
506	20110225
374	20110226
412	20110227
549	20110228
516	20110301
527	20110302
667	20110303
678	20110304
403	20110305
302	20110306
470	20110307
499	20110308
435	20110309
540	20110310
514	20110311
374	20110312
370	20110313
501	20110314
450	20110315
427	20110316
438	20110317
455	20110318
462	20110319
430	20110320
455	20110321
482	20110322
559	20110323
425	20110324
486	20110325
406	20110326
453	20110327
451	20110328
434	20110329
465	20110330
583	20110331
532	20110401
413	20110402
497	20110403
477	20110404
666	20110405
554	20110406
561	20110407
540	20110408
595	20110409
538	20110410
624	20110411
617	20110412
591	20110413
370	20110414
462	20110415
382	20110416
508	20110417
809	20110418
554	20110419
641	20110420
863	20110421
848	20110422
604	20110423
550	20110424
545	20110425
570	20110426
578	20110427
957	20110428
541	20110429
484	20110430
451	20110501
459	20110502
507	20110503
333	20110504
353	20110505
348	20110506
252	20110507
273	20110508
215	20110509
256	20110510
308	20110511
446	20110512
327	20110513
359	20110514
344	20110515
350	20110516
261	20110517
202	20110518
313	20110519
253	20110520
267	20110521
283	20110522
276	20110523
290	20110524
262	20110525
288	20110526
265	20110527
201	20110528
175	20110529
337	20110530
209	20110531
161	20110601
52	20110603
199	20110604
181	20110605
181	20110606
179	20110607
256	20110608
215	20110609
228	20110610
202	20110611
221	20110612
206	20110613
210	20110614
330	20110615
363	20110616
220	20110617
250	20110618
226	20110619
307	20110620
325	20110621
331	20110622
358	20110623
381	20110624
215	20110625
302	20110626
342	20110627
360	20110628
507	20110629
359	20110630
321	20110701
256	20110702
211	20110703
243	20110704
342	20110705
241	20110706
288	20110707
357	20110708
339	20110709
283	20110710
381	20110711
388	20110712
377	20110713
362	20110714
409	20110715
346	20110716
373	20110717
308	20110718
317	20110719
392	20110720
313	20110721
319	20110722
224	20110723
60	20110724
275	20110725
282	20110726
277	20110727
310	20110728
445	20110729
298	20110730
254	20110731
359	20110801
323	20110802
368	20110803
382	20110804
453	20110805
351	20110806
323	20110807
337	20110808
263	20110809
342	20110810
257	20110811
353	20110812
277	20110813
464	20110814
462	20110815
458	20110816
358	20110817
537	20110818
270	20110819
314	20110820
261	20110821
335	20110822
328	20110823
359	20110824
275	20110825
268	20110826
253	20110827
275	20110828
308	20110829
281	20110830
447	20110831
320	20110901
358	20110902
261	20110903
351	20110904
314	20110905
328	20110906
419	20110907
371	20110908
290	20110909
380	20110910
294	20110911
452	20110912
458	20110913
378	20110914
498	20110915
467	20110916
486	20110917
409	20110918
477	20110919
534	20110920
503	20110921
509	20110922
421	20110923
405	20110924
597	20110925
563	20110926
530	20110927
608	20110928
588	20110929
529	20110930
580	20111001
539	20111002
563	20111003
658	20111004
732	20111005
779	20111006
563	20111007
578	20111008
782	20111009
648	20111010
891	20111011
710	20111012
827	20111013
594	20111014
616	20111015
615	20111016
652	20111017
859	20111018
679	20111019
576	20111020
736	20111021
545	20111022
577	20111023
688	20111024
776	20111025
682	20111026
727	20111027
656	20111028
581	20111029
531	20111030
769	20111031
698	20111101
931	20111102
898	20111103
854	20111104
734	20111105
830	20111106
746	20111107
635	20111108
761	20111109
846	20111110
758	20111111
720	20111112
758	20111113
1193	20111114
1391	20111115
1113	20111116
1160	20111117
899	20111118
621	20111119
691	20111120
820	20111121
909	20111122
853	20111123
757	20111124
699	20111125
808	20111126
661	20111127
951	20111128
873	20111129
821	20111130
1098	20111201
817	20111202
699	20111203
898	20111204
1046	20111205
920	20111206
1026	20111207
1035	20111208
1083	20111209
1002	20111210
853	20111211
793	20111212
889	20111213
994	20111214
990	20111215
922	20111216
840	20111217
787	20111218
1046	20111219
993	20111220
848	20111221
987	20111222
679	20111223
507	20111224
608	20111225
532	20111226
721	20111227
570	20111228
624	20111229
559	20111230
323	20111231
277	20120101
285	20120102
518	20120103
691	20120104
885	20120105
609	20120106
547	20120107
564	20120108
526	20120109
503	20120110
569	20120111
569	20120112
622	20120113
555	20120114
365	20120115
471	20120116
617	20120117
579	20120118
632	20120119
770	20120120
382	20120121
312	20120122
390	20120123
482	20120124
592	20120125
736	20120126
645	20120127
641	20120128
595	20120129
639	20120130
786	20120131
933	20120201
938	20120202
873	20120203
890	20120204
729	20120205
817	20120206
1094	20120207
1113	20120208
1369	20120209
1427	20120210
1242	20120211
1143	20120212
1287	20120213
1460	20120214
1581	20120215
1819	20120216
1743	20120217
1475	20120218
1293	20120219
1476	20120220
2065	20120221
2631	20120222
3441	20120223
2402	20120224
1809	20120225
1814	20120226
2200	20120227
2435	20120228
2621	20120229
2727	20120301
2473	20120302
1979	20120303
2137	20120304
2230	20120305
2671	20120306
2524	20120307
3193	20120308
2770	20120309
1753	20120310
2056	20120311
2469	20120312
2931	20120313
3211	20120314
3225	20120315
2830	20120316
1891	20120317
1392	20120318
2013	20120319
2460	20120320
2711	20120321
2868	20120322
2694	20120323
1650	20120324
1453	20120325
2127	20120326
2939	20120327
2630	20120328
2405	20120329
2196	20120330
1687	20120331
1581	20120401
1682	20120402
2004	20120403
2413	20120404
2305	20120405
2120	20120406
1478	20120407
1342	20120408
1723	20120409
2407	20120410
1879	20120411
2440	20120412
2136	20120413
1621	20120414
1308	20120415
1604	20120416
1541	20120417
1675	20120418
1217	20120419
1259	20120420
1275	20120421
1062	20120422
930	20120423
992	20120424
924	20120425
863	20120426
865	20120427
704	20120428
559	20120429
696	20120430
658	20120501
827	20120502
615	20120503
657	20120504
434	20120505
668	20120506
640	20120507
585	20120508
570	20120509
621	20120510
503	20120511
393	20120512
504	20120513
544	20120514
342	20120515
4	20120516
120	20120518
304	20120519
267	20120520
363	20120521
475	20120522
509	20120523
405	20120524
384	20120525
260	20120526
249	20120527
319	20120528
448	20120529
429	20120530
572	20120531
356	20120601
302	20120602
367	20120603
442	20120604
363	20120605
434	20120606
336	20120607
358	20120608
314	20120609
414	20120610
318	20120611
379	20120612
374	20120613
355	20120614
358	20120615
306	20120616
247	20120617
340	20120618
294	20120619
296	20120620
313	20120621
269	20120622
228	20120623
298	20120624
367	20120625
485	20120626
307	20120627
346	20120628
341	20120629
222	20120630
377	20120701
462	20120702
425	20120703
460	20120704
396	20120705
384	20120706
358	20120707
348	20120708
302	20120709
380	20120710
462	20120711
492	20120712
495	20120713
435	20120714
424	20120715
460	20120716
642	20120717
449	20120718
433	20120719
375	20120720
343	20120721
333	20120722
644	20120723
593	20120724
653	20120725
465	20120726
411	20120727
282	20120728
280	20120729
398	20120730
494	20120731
421	20120801
431	20120802
433	20120803
330	20120804
361	20120805
420	20120806
460	20120807
345	20120808
378	20120809
300	20120810
352	20120811
306	20120812
447	20120813
468	20120814
465	20120815
587	20120816
409	20120817
376	20120818
393	20120819
521	20120820
447	20120821
483	20120822
409	20120823
319	20120824
437	20120825
413	20120826
538	20120827
585	20120828
592	20120829
437	20120830
446	20120831
443	20120901
406	20120902
405	20120903
569	20120904
592	20120905
547	20120906
503	20120907
434	20120908
578	20120909
586	20120910
772	20120911
705	20120912
492	20120913
535	20120914
492	20120915
521	20120916
528	20120917
643	20120918
654	20120919
546	20120920
507	20120921
579	20120922
617	20120923
712	20120924
724	20120925
753	20120926
672	20120927
599	20120928
635	20120929
433	20120930
638	20121001
724	20121002
679	20121003
649	20121004
630	20121005
731	20121006
613	20121007
819	20121008
783	20121009
672	20121010
896	20121011
651	20121012
606	20121013
730	20121014
704	20121015
642	20121016
702	20121017
659	20121018
581	20121019
600	20121020
762	20121021
791	20121022
752	20121023
814	20121024
852	20121025
757	20121026
571	20121027
563	20121028
864	20121029
837	20121030
963	20121031
838	20121101
880	20121102
788	20121103
1082	20121104
886	20121105
902	20121106
1026	20121107
850	20121108
747	20121109
842	20121110
824	20121111
899	20121112
865	20121113
872	20121114
839	20121115
766	20121116
902	20121117
890	20121118
1156	20121119
1084	20121120
1081	20121121
913	20121122
799	20121123
775	20121124
870	20121125
1180	20121126
1270	20121127
1238	20121128
1277	20121129
1024	20121130
818	20121201
786	20121202
1103	20121203
1051	20121204
1131	20121205
1085	20121206
1005	20121207
758	20121208
913	20121209
1139	20121210
1238	20121211
1208	20121212
1300	20121213
1062	20121214
1005	20121215
1020	20121216
1035	20121217
1265	20121218
1196	20121219
1191	20121220
1006	20121221
912	20121222
948	20121223
987	20121224
1135	20121225
820	20121226
642	20121227
594	20121228
758	20121229
662	20121230
564	20121231
594	20130101
916	20130102
1080	20130103
1316	20130104
1019	20130105
792	20130106
960	20130107
1100	20130108
1311	20130109
1127	20130110
1258	20130111
1014	20130112
1015	20130113
1498	20130114
1696	20130115
1502	20130116
1591	20130117
1467	20130118
1152	20130119
849	20130120
1037	20130121
1187	20130122
1276	20130123
1415	20130124
1193	20130125
1012	20130126
1010	20130127
1181	20130128
1551	20130129
1520	20130130
1837	20130131
1717	20130201
1128	20130202
965	20130203
1119	20130204
1402	20130205
2041	20130206
1661	20130207
1620	20130208
773	20130209
640	20130210
1009	20130211
1350	20130212
1588	20130213
1660	20130214
1720	20130215
1415	20130216
1374	20130217
2177	20130218
1985	20130219
1914	20130220
1884	20130221
1730	20130222
1287	20130223
1069	20130224
1481	20130225
2125	20130226
2271	20130227
2067	20130228
2415	20130301
1481	20130302
1359	20130303
2035	20130304
2964	20130305
2572	20130306
2667	20130307
2278	20130308
1654	20130309
1453	20130310
2116	20130311
2410	20130312
2499	20130313
3293	20130314
2929	20130315
2372	20130316
2046	20130317
2310	20130318
2918	20130319
3330	20130320
3372	20130321
2860	20130322
2591	20130323
1952	20130324
2604	20130325
3017	20130326
3330	20130327
3065	20130328
2733	20130329
2010	20130330
2010	20130331
2632	20130401
3173	20130402
2823	20130403
2429	20130404
2632	20130405
2063	20130406
2106	20130407
2267	20130408
3327	20130409
3103	20130410
2762	20130411
2299	20130412
2064	20130413
1894	20130414
2008	20130415
2105	20130416
2168	20130417
2003	20130418
1736	20130419
1436	20130420
1181	20130421
1508	20130422
1958	20130423
1610	20130424
